# seed
2579
3455
4842
6537
8342
14133
15520
24629
25198
25400
29309
35797
40387
41014
42255
45502
51136
52257
53619
55745
56846
60612
60837
61729
62139
64521
68295
73504
81251
81994
83042
88930
89771
92000
96573
97450
99275
101485
102129
106252
108019
108747
111732
112167
113123
116157
119415
121204
125609
128430
133709
134988
137804
137902
138697
139636
140972
143788
145484
145581
150136
156306
158314
158716
162401
167169
167422
167600
171107
181884
182962
184059
186249
187772
188319
189347
191042
192139
192835
193928
204610
207924
209290
209315
212976
214382
215611
220217
220659
222664
227896
228338
232266
241010
243136
243546
243827
244929
245266
249951
254809
259805
260982
263425
271104
275991
277980
279218
284406
285257
286897
291020
303647
311760
315687
320280
323097
326923
329523
330780
336579
341928
354758
355997
357644
357977
358163
360373
360753
362951
367276
371032
374726
381199
381528
384198
397767
407408
414649
417904
422939
428678
432023
436073
442246
443290
443756
444191
449174
451870
455811
457138
459399
459545
465287
466124
467228
467670
468784
470045
472883
478166
481546
484150
492189
493884
495444
499868
501334
501544
504360
508390
509013
513603
514463
517191
517593
519390
521958
525272
531160
531984
535085
537751
539667
542408
546117
550147
555930
563301
566801
568598
570293
571170
575156
578667
581666
583956
585053
586150
